1
10
20
30
40
53
108
162
188
198
19
85
90
160
2
19
24
64
123
41
81
88
147
162
51
59
103
181
200
21
23
62
108
137
169
197
99
133
162
170
185
55
96
110
138
10
22
26
53
68
108
130
175
194
29
35
37
64
117
142
157
188
40
81
90
174
37
75
105
109
146
177
180
77
91
94
114
176
28
85
137
188
36
69
105
117
164
170
12
57
146
191
192
3
12
13
82
100
160
167
187
45
142
144
162
5
27
37
43
84
104
52
102
136
139
155
159
25
26
105
119
126
77
95
122
124
1
4
22
150
164
38
42
67
157
179
1
4
7
47
91
136
166
167
187
71
128
130
7
55
99
110
140
148
154
170
179
74
162
6
13
105
122
175
187
197
9
163
178
2
15
49
60
79
158
162
168
183
79
82
136
146
162
170
180
182
12
26
27
40
57
72
75
102
112
126
157
178
7
35
95
113
118
135
139
184
47
73
96
116
127
12
64
112
130
46
166
190
65
84
104
118
145
177
191
3
77
79
96
104
181
183
118
135
162
3
23
43
62
105
117
194
28
34
123
126
130
141
160
161
189
18
74
106
193
13
68
73
163
59
65
84
2
8
89
95
127
143
153
158
58
87
91
109
116
127
131
83
115
118
119
130
171
173
200
70
46
53
73
133
187
188
35
71
83
95
115
138
177
6
30
47
70
102
149
156
5
20
59
62
96
190
66
118
166
173
177
4
22
33
43
129
136
137
168
67
120
130
139
148
172
28
44
53
83
96
126
161
81
104
152
6
41
76
94
101
111
136
138
166
174
4
107
110
125
190
20
51
56
120
150
167
197
30
119
124
153
158
196
32
45
95
135
179
45
76
96
98
101
131
158
7
47
67
123
141
144
155
175
194
199
58
76
114
166
30
41
80
192
6
104
39
93
183
59
85
98
149
165
167
39
63
77
176
187
9
28
95
139
173
181
55
150
88
94
122
187
30
73
109
140
23
77
111
169
181
4
29
127
143
144
16
173
193
200
36
98
132
128
132
159
189
24
106
122
181
18
32
44
54
99
113
191
199
5
27
60
85
101
126
147
162
179
25
41
78
166
177
194
3
4
13
16
21
30
56
64
88
98
119
184
190
21
31
44
59
64
69
116
135
194
15
22
43
81
129
161
176
26
34
92
114
116
139
144
161
12
15
12
52
70
85
168
26
169
44
92
131
150
76
149
165
185
186
7
17
28
52
126
137
65
111
125
187
194
48
144
41
62
90
125
172
16
48
57
62
129
158
170
188
26
32
51
89
92
193
82
92
2
23
29
43
116
123
144
150
1
65
124
173
12
28
40
98
130
139
142
167
15
52
106
44
53
145
178
179
193
198
13
29
83
187
3
22
38
50
69
154
188
6
24
32
33
51
107
130
140
124
183
57
125
8
45
168
23
105
113
200
23
45
65
74
89
146
192
11
37
80
100
103
149
17
34
37
58
127
128
193
83
93
98
110
131
145
161
167
16
51
59
83
158
162
200
37
53
57
76
94
157
196
92
102
144
197
17
64
80
93
102
15
23
34
65
138
144
198
24
53
95
106
110
17
144
159
187
40
58
88
116
155
54
59
62
175
195
197
59
103
144
195
29
147
151
179
2
134
29
60
68
107
132
133
148
48
57
63
96
33
58
83
140
144
194
32
104
106
107
118
153
86
92
108
107
185
42
142
147
149
170
1
20
79
118
121
127
143
154
193
195
21
60
66
75
82
97
119
13
18
19
57
67
72
120
151
180
195
2
134
147
199
5
20
22
31
37
101
149
165
166
171
178
184
188
9
26
43
131
197
9
24
73
85
123
164
172
120
148
200
27
41
48
54
176
49
112
118
123
19
181
25
51
57
77
94
149
152
155
13
14
17
33
121
145
173
12
16
139
145
156
175
192
104
110
132
196
87
109
122
127
138
8
65
105
122
154
21
41
149
157
179
199
38
137
178
182
43
68
87
121
134
194
13
89
107
111
114
132
173
176
31
40
86
194
6
24
31
45
48
144
162
178
193
197
6
20
83
107
1
106
122
129
163
171
192
63
117
151
39
128
150
174
187
149
154
164
184
196
7
75
88
121
135
139
151
154
5
36
119
189
5
18
27
29
34
47
107
119
133
7
112
119
190
46
109
58
80
84
125
143
177
38
44
91
12
16
40
60
97
146
158
24
50
81
117
147
149
158
8
21
25
60
111
192
43
153
163
170
53
91
113
139
171
19
34
89
59
98
157
54
104
144
170
3
74
123
140
191
26
60
81
121
142
198
14
45
76
89
159
186
31
82
97
112
114
125
141
149
158
161
168
173
177
101
106
197
91
109
117
124
150
175
9
10
141
146
167
175
57
74
6
88
94
126
136
149
154
179
24
41
81
98
102
106
111
114
126
178
8
49
180
181
86
168
32
55
64
90
97
103
117
146
178
45
62
104
121
156
17
24
32
58
87
103
126
142
9
102
139
17
26
35
5
69
70
127
129
5
13
39
41
52
74
153
9
25
37
106
125
165
8
11
68
79
102
94
103
131
150
159
188
49
66
80
87
92
95
141
146
12
19
63
108
120
130
154
159
168
186
96
107
59
114
133
157
48
62
19
23
41
80
89
90
98
128
170
12
25
57
68
33
136
138
192
68
81
103
158
172
194
12
85
86
144
199
7
19
83
151
152
157
7
16
113
146
32
45
81
108
134
171
191
107
121
155
16
103
184
39
60
75
121
187
38
40
76
123
141
159
188
77
117
137
187
7
26
63
2
23
25
29
56
66
148
70
122
94
144
186
66
92
106
136
139
41
66
79
129
20
36
62
112
120
153
14
81
143
151
194
40
47
71
104
139
150
181
76
88
123
190
23
58
60
61
173
177
10
15
17
56
69
61
72
114
168
177
186
84
120
122
125
128
176
43
60
78
105
107
143
163
77
14
26
38
59
106
158
168
24
44
58
67
79
82
108
160
12
20
50
58
109
134
136
145
197
34
67
96
156
25
36
48
73
77
95
115
123
115
117
123
124
169
82
83
129
161
50
63
142
152
159
169
2
41
52
63
70
72
83
86
113
129
137
155
197
49
87
99
100
101
125
134
179
10
76
147
33
41
164
176
14
21
37
60
87
165
190
13
23
46
58
89
114
137
147
8
14
68
101
120
166
168
6
24
35
53
67
97
126
136
14
57
113
138
140
180
197
28
104
30
37
78
80
81
124
144
77
78
139
30
60
79
80
90
136
139
156
198
8
28
74
83
101
124
126
137
156
198
78
185
19
89
123
139
189
16
48
57
79
81
160
18
53
81
83
102
137
16
20
79
135
161
94
133
150
16
103
136
62
144
189
27
29
44
47
117
171
178
20
38
50
154
162
15
73
94
101
160
43
65
154
196
1
24
37
107
115
63
108
134
146
190
18
83
162
15
16
17
18
64
80
93
105
133
11
21
83
84
109
161
29
49
139
154
11
36
66
105
163
14
121
139
196
53
54
103
150
156
5
30
72
123
127
133
165
181
185
16
28
48
104
5
50
126
136
3
101
124
169
177
188
39
70
82
84
85
22
64
144
157
179
193
7
14
30
54
69
107
110
113
39
144
145
158
191
22
95
167
48
59
62
147
29
46
68
72
85
146
171
191
60
85
98
121
156
166
187
56
117
147
174
195
31
60
79
128
154
170
66
69
122
136
30
54
75
78
95
156
169
181
182
108
115
172
50
86
90
155
157
163
176
196
198
70
81
88
137
163
33
41
65
114
147
168
33
50
58
69
82
89
124
150
166
53
55
56
61
64
122
163
31
32
42
104
198
17
147
190
25
29
118
132
178
181
188
198
32
48
84
87
95
97
112
124
128
144
155
17
104
173
183
2
146
154
48
68
103
105
189
5
58
82
117
143
37
57
71
84
126
30
103
147
152
171
46
167
39
42
55
94
96
131
135
146
176
2
8
18
21
30
74
157
44
73
94
99
112
113
124
170
188
125
164
182
196
68
72
93
99
111
15
40
102
128
130
157
166
169
26
50
142
3
26
95
102
198
43
45
90
68
72
86
81
152
42
103
105
127
147
27
60
102
24
29
38
64
91
3
34
41
116
128
168
184
13
62
85
94
117
38
65
92
107
116
121
125
133
188
83
93
114
143
149
167
5
26
55
57
83
161
3
52
80
134
141
147
167
15
29
66
80
89
97
133
148
151
159
171
70
77
80
110
124
159
12
43
82
159
16
26
48
64
106
128
132
172
13
182
200
27
65
68
75
103
126
164
198
11
20
49
54
76
97
107
129
22
48
156
169
66
108
142
7
47
102
133
147
174
193
194
38
95
113
121
135
157
161
179
56
94
127
149
187
4
103
2
30
68
135
28
53
97
141
170
193
27
43
71
111
155
195
103
110
165
185
1
66
125
143
155
166
192
195
61
71
80
149
175
182
90
122
177
11
86
135
136
159
197
106
149
10
20
127
166
23
79
125
129
151
164
192
31
133
148
160
172
2
5
22
83
107
110
126
197
14
23
97
126
140
151
197
65
142
184
50
61
75
105
146
169
139
140
40
61
69
73
90
190
5
62
95
130
165
52
60
66
138
193
43
105
132
17
68
103
108
189
191
4
73
108
115
156
173
187
198
31
36
68
141
13
36
92
99
119
181
111
127
151
5
41
56
85
115
131
155
90
116
118
146
13
47
62
71
90
133
172
18
53
68
134
143
150
36
78
155
168
181
52
107
127
183
34
35
81
183
26
36
133
137
183
49
86
90
115
129
182
5
26
63
107
195
3
34
57
62
78
109
144
40
104
119
147
163
11
51
117
125
141
165
198
8
40
68
69
144
154
188
133
171
178
4
21
27
62
65
81
169
2
71
106
118
154
12
49
157
32
50
104
136
161
176
177
94
145
146
147
55
111
113
138
181
195
19
25
143
24
72
147
173
175
62
89
90
157
198
45
46
49
52
111
128
155
51
67
107
145
162
163
181
36
43
89
132
133
137
146
147
162
191
5
25
100
127
185
190
83
116
119
188
193
62
84
134
182
7
15
23
70
84
99
100
111
120
125
136
161
14
27
39
74
162
179
194
12
45
91
130
170
14
50
56
58
176
187
14
22
59
102
119
129
159
197
23
126
200
12
25
44
50
51
95
114
116
136
181
191
56
85
87
154
165
182
148
186
49
60
61
117
172
196
52
66
95
120
175
39
114
161
21
36
58
166
190
192
13
32
36
93
146
155
185
19
48
62
78
79
94
115
125
11
21
123
125
146
22
79
96
107
31
32
39
95
102
129
130
147
157
164
86
117
131
199
11
49
61
90
137
150
168
177
9
44
66
163
169
23
68
110
187
29
60
75
80
92
131
50
57
97
103
158
165
181
182
185
1
16
34
168
106
175
154
3
176
180
187
77
90
123
174
175
92
112
147
29
76
153
163
15
20
62
75
93
107
75
85
89
97
102
123
137
138
150
53
57
91
139
150
171
38
46
64
156
164
185
23
29
121
124
38
71
72
112
125
131
171
198
6
90
116
151
174
69
96
114
129
130
133
184
3
11
16
36
70
81
82
92
93
130
138
14
107
119
16
135
160
13
16
39
46
181
12
17
56
62
78
94
106
143
145
2
8
38
77
81
107
135
149
176
177
117
127
155
18
58
84
51
85
176
191
18
27
29
43
56
128
156
193
200
4
7
24
40
45
46
104
109
133
151
179
76
198
53
62
81
192
200
36
40
69
70
97
171
37
45
73
107
141
154
156
82
117
124
126
148
150
179
17
49
64
106
126
160
161
164
92
122
142
192
64
65
129
14
190
19
33
79
89
93
94
144
158
165
196
52
56
76
111
136
154
187
200
14
65
80
85
94
99
145
152
192
39
50
65
152
153
10
27
37
58
67
17
20
46
85
130
84
121
123
131
3
10
82
91
123
153
2
116
142
29
86
151
186
198
22
158
175
178
18
36
45
47
74
135
160
196
2
11
37
55
102
128
136
143
192
55
86
96
153
184
194
145
172
29
89
33
54
111
120
122
137
139
154
179
4
19
44
51
53
99
22
23
65
84
101
122
141
173
20
53
75
116
184
189
34
36
60
91
172
40
101
123
131
142
145
185
195
14
22
108
183
65
67
157
167
173
174
21
68
82
125
143
75
76
95
140
194
1
20
36
118
187
198
15
17
27
42
106
162
184
38
142
151
15
28
34
42
45
57
5
6
16
27
45
74
82
123
50
70
142
144
156
42
78
81
92
106
169
1
48
49
64
104
115
180
188
21
108
130
181
28
37
45
47
53
61
75
81
102
111
138
147
150
170
186
1
6
91
119
140
189
9
19
54
185
91
101
67
92
94
99
146
189
12
13
19
100
110
120
155
9
133
146
13
17
24
52
131
196
38
65
104
128
6
52
63
65
94
102
108
118
121
176
178
188
2
53
61
97
156
185
6
29
61
83
86
168
189
50
78
86
90
107
129
183
195
17
40
56
94
102
119
176
10
13
85
95
163
177
181
197
8
32
13
54
196
34
51
110
113
130
102
161
20
42
81
82
145
151
13
26
37
69
83
84
89
90
102
139
172
173
188
10
21
78
105
123
137
20
115
194
197
8
11
28
71
158
43
94
189
60
107
195
5
42
61
157
14
18
22
23
153
198
14
45
61
74
170
178
200
20
25
46
77
114
132
172
187
200
3
110
124
131
151
181
2
12
27
46
84
94
99
139
142
144
15
58
65
75
135
192
196
198
199
49
89
90
122
136
150
181
64
74
85
92
176
177
26
41
102
191
200
48
81
92
110
126
164
198
42
54
95
181
29
38
75
92
16
73
86
94
107
187
189
23
58
78
130
159
171
190
2
72
117
173
28
58
60
82
94
95
150
191
9
50
78
136
186
15
37
58
66
80
92
97
118
127
135
138
7
8
142
147
167
185
197
2
37
111
158
198
65
64
125
49
85
105
118
134
39
48
106
71
143
171
185
189
195
196
2
18
73
82
97
105
108
138
159
180
187
73
132
190
100
147
177
25
26
81
89
92
128
137
169
173
30
73
112
77
84
106
171
179
188
11
32
46
108
119
172
42
76
92
101
125
198
36
64
48
87
119
139
151
198
5
13
65
107
146
169
173
185
37
59
64
96
99
118
17
53
93
127
157
176
28
33
71
84
107
151
157
162
184
142
196
47
53
67
123
140
143
183
196
53
65
123
58
81
117
152
192
49
75
81
160
181
186
166
184
158
16
16
25
38
104
138
52
70
116
125
155
185
24
31
32
61
103
106
27
90
132
10
11
39
140
178
196
13
37
133
134
154
161
179
198
20
35
84
123
141
29
36
96
120
131
155
182
44
50
85
146
175
57
119
130
145
173
192
195
12
27
56
123
156
188
15
133
49
41
52
175
181
191
11
13
28
64
129
184
198
39
43
44
197
48
78
87
140
144
13
22
36
54
99
102
104
159
67
124
158
58
88
125
129
139
154
168
17
24
55
107
111
112
137
143
44
76
157
181
199
1
6
43
57
102
139
17
25
32
39
76
87
102
105
107
112
116
188
190
68
79
98
104
115
141
152
165
43
66
91
101
111
140
142
171
72
103
172
180
181
137
164
174
152
14
18
35
55
69
77
162
81
127
143
164
119
128
192
35
65
83
115
152
184
196
4
64
84
135
157
158
175
74
101
127
187
3
7
33
38
92
99
174
192
28
38
80
81
95
114
168
55
88
99
122
136
43
50
93
80
99
109
116
166
174
180
192
72
86
125
190
102
134
28
110
145
171
181
187
15
74
132
158
167
168
51
73
95
138
153
70
79
135
167
180
189
197
198
145
150
85
155
12
83
86
102
149
185
50
58
7
63
90
121
148
22
79
98
151
169
1
4
12
15
26
58
77
133
196
11
23
54
72
86
99
119
139
162
183
7
27
31
57
74
107
132
158
186
58
71
191
61
103
106
138
172
182
72
129
184
199
97
118
120
127
145
76
100
113
120
157
169
184
20
81
103
111
19
26
59
93
161
165
48
50
75
171
29
64
79
84
156
116
131
140
150
22
39
42
61
76
108
186
23
54
61
105
119
122
136
147
172
177
195
5
9
59
76
110
128
179
184
32
20
28
108
133
168
24
116
161
68
70
87
106
112
121
122
186
83
101
108
134
161
97
113
118
41
104
109
180
54
60
65
121
151
195
106
120
143
162
165
174
143
160
96
115
145
157
172
184
37
49
92
101
188
20
37
74
90
52
125
145
187
5
42
60
68
72
128
140
151
185
73
112
121
32
33
73
75
172
34
88
144
182
191
32
111
129
161
19
47
78
140
149
9
68
115
128
187
12
50
83
99
150
167
19
23
42
108
122
141
164
169
195
41
78
113
152
159
166
192
52
106
66
90
104
174
182
192
195
41
51
85
93
168
27
28
60
87
111
182
190
21
45
80
93
111
113
143
152
154
159
192
164
26
27
120
190
192
39
65
125
134
177
129
161
177
184
196
3
57
126
149
168
21
83
92
98
105
115
136
5
42
80
106
143
14
22
25
26
62
80
137
147
155
173
39
52
59
78
193
199
95
134
143
4
7
23
120
139
197
6
81
103
145
167
191
108
119
128
131
140
165
190
10
33
37
59
64
65
77
109
169
185
27
118
138
182
190
39
108
128
157
9
25
37
53
66
89
150
58
132
154
164
179
44
92
93
111
176
21
31
39
101
109
112
113
171
21
59
101
108
130
140
144
10
39
61
84
115
137
151
24
74
38
48
98
129
156
170
174
190
66
68
87
139
143
195
35
57
62
73
117
147
178
190
192
11
49
55
76
80
193
81
98
117
125
127
142
172
19
85
192
4
33
92
94
102
142
42
59
94
131
145
157
4
20
36
45
52
57
65
100
115
161
166
182
200
26
36
120
183
10
12
36
49
16
18
20
50
57
88
120
167
13
72
87
100
122
148
62
83
113
135
139
163
175
194
34
69
74
146
182
4
41
87
98
108
9
69
120
174
29
40
113
41
94
180
197
49
53
66
67
70
98
123
130
58
67
99
113
124
145
176
177
53
79
127
133
169
12
56
92
97
102
112
150
13
49
81
84
140
152
175
180
186
5
123
140
185
199
22
36
46
67
111
140
146
5
26
30
35
50
109
111
113
153
179
180
21
51
108
178
17
21
47
51
98
146
167
189
33
65
103
118
142
39
140
33
40
47
51
57
111
165
179
35
42
98
117
119
194
195
31
104
117
115
141
176
99
108
2
22
116
124
140
28
72
40
75
93
102
108
111
139
172
178
181
15
137
184
193
198
120
139
176
197
40
68
74
138
192
35
73
95
113
145
189
1
59
77
127
161
19
51
56
79
82
105
44
119
177
8
9
19
61
86
106
141
197
43
79
109
144
173
2
33
40
54
60
115
156
25
58
97
160
19
132
153
20
48
72
97
114
155
173
7
16
26
101
137
170
172
176
197
198
14
100
128
142
76
86
69
81
85
149
171
185
78
144
178
63
106
127
177
192
14
26
54
75
83
84
130
170
177
76
98
7
23
46
61
67
153
45
57
61
78
160
46
93
141
148
152
155
187
8
56
66
79
160
179
195
197
7
17
47
131
188
8
19
27
60
90
121
127
172
39
59
73
112
141
148
175
184
71
72
188
101
107
128
188
22
33
94
124
156
191
55
79
144
47
83
93
111
150
180
45
96
117
140
169
175
16
34
41
100
165
171
187
61
74
75
106
121
174
24
56
63
76
107
136
195
10
23
84
98
119
149
15
60
117
20
41
44
60
83
116
159
199
19
37
88
109
117
124
144
155
163
199
109
119
123
162
194
47
82
101
141
184
34
79
80
94
118
119
166
189
159
28
47
55
69
127
48
143
148
28
31
38
66
17
34
142
160
167
195
15
26
50
56
105
122
196
99
102
107
112
198
30
45
117
174
4
21
42
131
165
40
41
158
17
58
159
167
110
164
191
22
31
82
92
102
119
154
157
159
167
176
190
21
23
74
168
7
27
60
129
7
132
133
136
190
198
80
91
114
161
165
168
193
18
86
136
63
84
130
131
165
174
180
45
102
149
2
5
9
49
78
149
179
180
12
29
52
85
117
158
95
195
124
128
135
9
32
39
55
100
169
188
196
197
13
28
181
5
13
15
35
90
112
153
179
198
136
159
185
88
127
182
191
192
23
46
140
164
180
189
26
141
143
152
103
145
70
73
98
158
180
44
92
161
6
23
97
129
160
168
3
28
38
43
55
81
114
174
176
177
191
95
101
102
175
182
193
24
46
50
66
91
98
112
141
27
46
60
84
87
120
140
143
158
174
191
39
61
105
107
117
1
4
13
24
61
64
96
137
164
165
13
23
43
71
83
89
163
165
172
196
68
70
74
129
164
191
193
28
40
60
93
99
105
140
157
34
46
74
126
181
102
196
12
30
82
90
92
113
37
38
68
82
88
127
176
37
50
68
79
141
158
5
101
114
137
168
18
23
54
136
142
154
175
13
84
198
56
116
156
162
102
144
182
185
7
34
96
100
115
127
152
14
51
111
121
153
169
180
74
91
107
141
155
169
171
188
191
11
76
100
161
183
56
164
193
57
64
65
78
102
118
173
174
179
17
23
34
37
38
59
79
174
189
11
27
44
72
150
23
90
95
14
23
58
70
93
112
167
86
129
140
173
4
54
58
80
90
105
106
119
124
191
198
8
91
107
142
176
64
123
126
42
54
67
114
134
29
56
59
76
97
139
141
183
18
20
109
141
142
69
89
105
117
147
167
182
5
9
42
72
112
76
106
114
42
166
184
40
56
90
119
133
170
181
40
70
85
112
130
158
180
195
67
75
76
82
87
181
12
25
66
146
198
74
100
143
171
176
194
9
17
27
83
150
17
71
93
96
157
180
181
190
36
44
85
131
142
38
42
159
19
69
82
100
125
170
33
44
52
86
143
28
52
107
138
158
174
200
12
17
27
31
78
90
150
151
158
161
185
33
88
106
131
163
124
133
167
185
189
18
44
160
121
164
26
109
121
138
155
195
15
16
168
170
198
199
21
40
84
108
115
117
150
11
80
9
27
46
92
150
168
14
42
113
155
175
51
57
152
163
6
56
104
108
123
139
150
151
168
171
181
198
21
56
63
82
86
105
145
41
106
108
111
120
133
144
158
169
8
45
51
85
103
151
11
44
134
158
189
13
50
132
134
169
120
152
171
128
132
149
189
7
37
45
119
7
45
90
6
44
74
9
95
103
171
26
27
104
132
86
107
135
149
26
105
142
143
187
196
42
159
181
14
28
88
125
164
175
196
4
66
93
100
141
146
162
7
81
105
129
177
82
120
127
181
22
41
76
98
103
110
128
200
47
54
114
149
157
10
25
35
69
142
183
187
191
36
52
66
67
105
134
79
93
197
18
43
137
50
57
71
14
100
111
153
185
196
21
39
45
75
108
129
161
185
64
113
131
149
161
173
181
42
48
146
47
86
95
138
140
145
167
187
4
15
47
50
161
179
198
37
45
64
90
170
188
9
48
104
117
123
49
134
152
161
168
11
29
32
60
66
101
173
10
34
86
88
92
10
55
97
130
132
178
36
179
42
63
83
101
40
97
133
136
173
106
140
23
76
8
56
73
101
134
44
53
193
11
40
65
72
77
118
129
153
194
1
116
119
196
51
88
182
189
194
80
91
101
155
183
41
103
59
77
18
29
44
47
63
100
128
166
12
30
63
67
96
104
146
200
59
73
176
53
97
149
163
165
14
17
165
15
125
128
149
183
34
73
94
160
197
52
62
65
66
97
44
60
87
115
133
198
28
70
127
144
145
150
171
193
199
82
105
154
160
169
98
109
115
146
180
36
71
72
74
103
116
177
7
17
50
66
85
118
122
147
164
2
43
76
102
108
143
191
200
7
17
168
172
184
190
66
85
179
193
53
87
110
114
122
20
111
129
150
165
195
37
55
77
78
180
9
10
22
70
72
152
33
56
65
125
128
185
3
10
13
37
108
115
121
146
155
184
3
16
27
99
100
109
157
158
184
197
15
78
88
96
152
158
162
11
24
72
77
113
118
146
184
191
1
14
54
89
127
138
3
34
60
68
191
33
67
196
28
47
107
111
157
185
9
51
178
197
45
84
89
179
187
20
49
107
175
31
45
82
99
101
159
175
80
100
102
197
1
10
32
46
49
53
64
101
102
23
62
63
67
113
130
44
91
93
99
174
10
21
178
183
186
59
101
104
164
15
82
98
115
184
27
60
96
110
124
132
147
155
11
54
62
101
112
123
153
154
188
37
94
138
151
188
51
54
61
62
98
105
158
182
46
92
100
181
100
141
149
169
33
51
77
105
114
136
170
191
200
6
28
105
115
120
186
197
3
27
84
163
170
23
37
124
155
198
13
44
73
122
169
175
52
66
104
140
142
155
166
178
