0.96
0.13
1.04
0.75
1.00
0.47
0.11
0.77
0.91
0.91
0.55
0.19
0.77
0.18
0.45
0.81
0.49
0.31
1.05
0.93
0.64
1.07
0.05
0.61
0.75
0.38
0.56
0.61
0.65
0.05
0.12
0.44
0.53
1.06
0.52
0.14
0.13
0.42
0.17
0.18
0.04
0.17
0.67
0.23
0.08
0.62
0.59
0.23
0.61
0.48
0.57
0.02
0.31
0.04
0.53
0.85
0.46
1.13
1.13
0.62
0.20
0.47
0.51
0.60
0.83
0.50
0.86
1.08
0.44
0.37
0.09
0.52
0.24
0.11
0.06
0.11
0.58
0.85
1.02
0.62
0.13
0.01
0.33
0.82
0.91
0.93
0.07
0.82
0.85
0.47
0.66
0.60
0.50
0.03
0.95
1.08
0.24
0.47
0.96
0.42
0.21
1.03
0.47
0.52
1.07
0.62
0.96
0.65
0.34
1.11
0.08
0.22
0.68
0.96
0.82
0.40
0.81
0.70
0.13
0.85
0.04
0.80
0.10
0.04
0.63
0.27
0.76
0.49
0.54
0.80
0.70
0.91
0.23
0.70
0.97
0.89
0.64
0.56
0.75
1.13
0.22
0.45
0.42
0.54
0.41
0.76
0.51
0.82
0.64
1.13
0.81
0.58
1.01
0.47
0.95
1.03
0.06
0.85
0.84
0.70
0.21
0.06
0.02
0.89
0.16
1.11
0.46
0.30
0.69
0.07
0.44
0.70
0.30
0.21
0.15
0.46
0.67
0.60
1.02
0.52
0.46
0.66
1.02
0.48
0.70
1.12
0.60
0.73
0.01
0.26
0.75
0.66
0.01
0.60
0.56
0.75
0.21
0.01
0.18
0.01
1.05
0.87
0.68
0.75
0.96
0.82
0.27
0.41
0.45
0.74
0.59
0.39
0.04
0.20
0.14
0.94
1.06
0.26
0.25
0.60
0.87
1.00
0.94
0.54
0.42
0.84
0.64
0.52
0.87
0.99
0.09
0.02
1.08
0.88
0.24
0.84
0.41
0.73
0.62
0.81
0.93
0.07
0.52
0.53
0.29
0.04
0.54
0.15
0.77
0.27
0.87
0.07
0.33
0.58
0.14
0.32
0.48
0.36
1.12
0.54
0.86
0.13
1.10
0.15
0.68
0.83
0.51
1.10
0.61
0.63
0.71
0.62
0.84
0.77
0.83
0.80
0.33
0.51
0.04
0.83
1.10
0.24
0.97
0.94
0.99
0.21
1.04
0.45
1.13
0.32
0.69
1.06
0.66
0.63
0.29
0.54
0.09
0.38
0.88
0.76
0.71
0.03
0.33
0.39
0.62
0.66
0.09
0.81
0.53
0.87
1.08
0.02
0.24
0.29
0.38
0.96
0.10
0.84
0.89
0.10
0.07
0.94
0.03
0.59
0.17
0.17
1.00
0.22
1.06
0.14
0.97
0.40
0.80
0.80
1.00
0.66
1.04
1.07
0.40
1.09
0.34
0.78
0.05
0.68
0.92
0.28
0.64
0.75
0.05
0.73
0.73
0.10
0.63
1.01
0.01
0.96
0.54
0.08
0.83
0.73
0.32
0.51
1.03
0.74
1.12
0.65
1.10
0.55
0.37
1.06
1.07
0.07
0.18
0.62
0.53
0.00
1.02
0.04
0.72
1.03
1.09
0.85
0.70
0.01
0.00
0.05
0.80
0.67
