1
1
2
2
2
2
7
2
6
2
2
7
2
6
8
4
4
8
7
2
3
6
8
3
3
3
5
5
1
3
3
3
7
6
8
4
4
4
1
1
8
8
1
1
8
8
5
1
2
8
8
3
3
3
3
7
5
6
6
6
5
5
8
4
4
2
3
2
5
2
2
1
3
4
1
4
4
8
7
1
1
2
2
2
7
2
6
8
4
4
8
7
2
3
6
8
3
3
3
5
5
1
3
3
3
7
6
8
4
4
4
1
1
8
8
1
1
8
8
5
1
2
8
8
3
3
3
3
7
5
6
6
6
5
5
8
4
4
2
3
2
5
2
2
1
3
4
1
4
4
8
7
1
1
2
8
4
4
8
7
2
3
6
8
3
3
3
5
5
1
3
3
3
7
6
8
4
4
4
1
1
8
8
1
1
8
8
5
1
2
8
8
3
3
3
3
7
5
6
6
6
5
5
8
4
4
2
3
2
5
2
2
1
3
4
1
4
4
8
7
1
1
2
