



35200
17886
83579
53561
42399
18743
93896
77948
45844
53628
1027
10672
29610
16266
72878
54308
81766
43331
72192
21954
34418
37551
7716
99865
99780
58327
49521
65599
65750
50199
30348
65213
79388
94065
34021
38145
47929
34689
3989
94399
16744
61117
48942
76022
37359
23616
52535
69367
74428
80168
48150
4166
38594
48980
57807
39072
45428
69226
94352
55561
83980
85505
67055
70385
71110
96109
5135
48960
59025
6856
50805
75444
60951
20207
72394
98889
9223
96709
1079
20936
37307
9495
74671
67912
88002
84931
29932
82624
75543
25958
52163
17119
49021
53182
22870
30695
71986
92265
51540
97287
77459
49708
3305
80720
76383
78311
9599
93026
30418
61069
75834
87057
10885
24321
75149
63502
73644
78625
96065
76157
58186
64615
6804
45142
60304
66255
8439
4999
15819
82639
14014
49757
83401
4285
5892
81691
11044
85769
57519
13377
93762
60562
97700
30861
3439
90732
99457
92150
25545
95444
77777
64863
36061
76990
41778
21294
53502
66639
81037
81511
44660
22853
57844
3313
62250
76901
62686
59571
70618
63337
58194
47753
6802
25220
4854
89668
54132
47288
35109
29747
67497
8862
55709
43310
65121
74750
38982
58852
5379
49348
65387
90845
10428
32114
15540
36490
89459
1545
95824
8073
4662
3924
61613
25238
86599
10925
10800
89959
4855
99405
82161
25053
67924
2299
99124
21464
22474
40301
20657
94420
22824
73431
88307
82338
66851
64344
47446
87911
93323
50598
42420
31390
98775
90628
76448
18727
36971
14408
22236
1921
87660
28349
37288
27722
81314
6461
75933
57338
38140
98332
36481
3433
32474
45403
20777
68146
86768
69517
50390
98484
30065
93629
51990
19428
20536
5410
53928
49298
75090
83565
11763
46063
2012
85548
89502
24645
55802
56254
96204
36229
30657
8160
58492
75860
46044
22650
64221
33768
58124
53145
61195
19065
61391
38834
8856
98573
4085
40070
52137
56883
68469
58979
57587
79047
42141
84804
80184
9668
70923
59686
94878
17032
91400
59255
62472
59811
29763
25787
73170
28396
97960
85799
54949
78543
87611
49833
33463
59550
64308
91590
28814
1195
57828
49812
22971
15643
52368
31483
19913
85926
504
71583
36170
46069
60079
56380
26857
87272
18841
58866
40792
37636
49009
37650
81508
7431
97056
5373
91299
64875
60440
6066
96584
77449
45750
33050
2738
13203
91330
69640
57810
72771
6362
2800
22025
26385
45298
97390
89294
75442
32716
25007
17165
95509
14073
33535
69973
21615
3656
29810
83536
27796
8816
966
5239
73824
46043
10417
30586
11067
13496
61507
79940
7664
86868
54749
9827
35575
7122
65630
70809
40509
58888
55566
33711
94018
72410
59489
60622
89420
14400
46875
78813
47394
81758
70425
64964
33191
87212
33505
72736
63104
65892
41775
90920
47472
40926
55405
57833
3
52625
48570
29444
88306
73942
2834
52671
99552
21872
23636
48745
41136
16790
16119
28587
75559
83183
64709
23343
70664
10447
22173
84461
7939
88502
95400
41545
33599
95835
14122
9668
66546
69221
42123
11363
20336
41060
73085
88749
28165
25145
71182
2596
11839
88513
8268
23661
94239
46400
19489
22358
96203
26101
63667
98030
72349
57197
50592
86208
69504
16370
87687
90797
37469
1570
44816
54674
75474
51369
19450
39529
35653
65952
35156
92568
32347
400
49806
61244
94707
41214
81651
18043
25972
95775
31342
35364
35202
40899
86760
88408
79401
22813
67521
49250
9750
79814
69953
33030
13629
74568
51309
25866
55676
15414
5753
19151
841
77642
39976
26284
52234
11892
12905
63022
57380
47498
97271
22372
40195
77464
93655
10714
44274
32515
52196
33224
15992
77397
37815
943
86587
95093
33384
89422
34750
98883
53829
73605
96115
64682
62703
22954
53446
12664
95179
71102
17381
22474
39414
1944
14684
36693
82580
36603
97661
52137
61960
27107
