11
42
72
14
51
41
51
65
22
57
65
20
33
60
31
39
49
24
55
74
2
16
36
59
53
77
27
39
77
2
5
32
21
37
41
57
62
70
21
35
5
7
56
16
24
30
74
2
41
17
70
12
40
59
76
29
72
33
72
36
43
33
20
31
72
10
31
33
40
76
71
72
24
59
10
13
28
62
44
59
63
73
17
24
55
75
19
24
35
30
57
15
19
60
72
27
44
60
67
1
40
53
35
62
16
34
46
54
68
3
64
5
29
49
77
13
44
51
20
18
24
63
75
1
17
43
60
75
56
11
16
69
39
72
2
36
59
62
19
70
66
68
40
56
17
28
43
40
65
68
49
59
71
18
29
39
30
53
54
62
68
69
70
4
6
42
43
71
16
62
42
69
28
43
53
75
36
32
58
62
34
70
41
62
1
41
76
17
28
76
71
35
52
15
25
39
16
35
46
59
63
6
13
14
31
72
4
57
75
2
11
30
58
59
65
68
19
30
38
56
26
72
54
18
42
47
14
21
71
52
68
2
31
32
51
4
23
26
36
37
72
17
30
4
17
62
18
41
43
33
59
2
31
36
55
64
68
76
4
8
8
19
42
17
56
25
39
40
75
1
23
54
50
69
38
41
44
65
24
54
11
38
1
29
24
57
31
55
69
10
26
60
24
34
36
16
31
60
28
29
38
49
54
39
60
25
51
54
31
75
76
69
71
11
65
77
34
54
65
77
21
28
57
64
29
56
1
64
74
36
20
38
60
72
58
71
31
58
14
54
31
28
39
71
41
63
65
30
53
60
70
74
5
18
29
33
74
13
50
56
20
60
7
60
68
24
34
24
28
59
71
45
52
53
10
55
62
70
31
35
46
72
13
69
2
14
25
26
31
13
62
46
53
69
23
71
72
21
51
35
55
68
71
76
77
29
35
49
30
56
65
71
23
63
16
48
26
42
49
3
1
21
28
36
40
11
69
71
37
54
62
14
21
33
59
41
44
59
14
1
62
76
19
33
17
33
19
53
57
38
46
68
77
2
47
61
74
60
69
9
13
70
73
19
26
53
77
26
31
59
35
38
68
55
76
56
64
14
46
50
63
17
21
56
59
17
40
47
26
54
56
11
76
2
22
72
46
56
64
75
53
19
34
57
12
16
64
74
2
16
29
61
27
11
54
66
11
28
17
26
35
41
39
54
19
24
31
52
19
65
71
26
40
10
52
62
10
54
55
64
65
77
28
44
48
70
16
33
46
39
53
61
71
21
49
59
26
28
43
56
71
7
46
72
68
75
21
30
55
13
23
19
42
4
43
56
60
24
29
40
45
50
11
46
24
25
30
43
2
16
44
18
23
64
7
56
24
51
33
71
14
28
40
75
31
66
76
55
70
1
21
39
10
38
53
59
64
47
59
49
60
40
34
77
21
40
51
2
3
55
70
11
51
74
19
26
54
59
73
11
16
59
68
75
44
77
25
42
65
66
69
56
23
41
77
31
56
72
77
24
40
42
28
49
15
28
54
45
53
67
14
65
2
21
53
61
62
25
70
43
48
13
39
28
29
75
4
7
8
24
46
47
60
21
32
61
20
28
56
65
75
9
16
27
33
60
18
41
42
52
59
70
24
38
44
10
56
60
24
53
35
41
68
1
8
30
40
17
20
37
41
10
30
43
54
36
40
1
13
56
4
36
11
33
72
55
68
69
17
43
61
76
59
30
66
4
72
73
30
40
54
11
40
57
59
12
31
33
60
31
51
58
72
73
70
72
13
21
33
49
3
26
38
68
24
38
65
71
11
54
12
23
28
67
11
7
35
62
32
36
34
41
31
45
51
17
19
21
61
16
35
44
69
75
11
16
22
31
35
16
23
62
77
14
19
24
51
56
72
64
75
47
51
52
53
73
41
55
30
62
44
51
33
62
36
52
17
31
55
24
64
11
18
76
31
51
59
10
31
76
11
56
14
42
16
32
40
75
17
34
53
33
40
62
64
59
63
72
76
1
31
44
39
75
77
35
57
15
75
14
41
65
75
57
76
29
60
69
31
47
52
26
35
77
18
42
35
1
77
3
7
54
15
26
20
69
76
52
58
35
61
69
56
63
75
24
57
65
27
71
62
54
73
13
59
77
22
49
48
76
16
59
60
71
4
55
62
7
17
33
40
72
56
1
10
21
36
1
2
60
10
36
49
60
76
13
75
11
21
39
55
38
56
70
71
59
6
56
68
21
22
24
52
19
23
70
71
2
68
14
19
21
24
35
28
29
44
14
42
60
53
60
71
62
73
1
29
64
55
76
75
2
33
12
13
26
62
7
18
51
75
4
5
22
4
58
11
50
56
45
65
72
18
69
70
2
40
21
61
28
39
46
18
43
46
18
36
1
10
71
77
19
39
22
24
28
72
30
53
54
19
22
30
42
16
60
4
39
54
41
14
44
47
15
41
46
47
56
60
21
40
60
77
31
40
70
20
39
58
68
40
42
51
10
56
65
51
59
76
29
65
69
71
31
55
64
36
23
46
67
73
75
16
62
65
38
71
16
42
43
23
14
53
58
10
19
44
26
33
12
33
41
54
59
16
31
42
19
21
64
33
66
75
52
40
47
60
10
41
47
17
26
9
29
36
10
28
34
1
56
77
1
29
43
44
62
63
9
54
69
73
7
59
70
8
12
24
17
46
19
35
58
70
11
17
29
65
70
47
1
34
68
71
59
71
76
3
76
2
59
73
4
24
48
31
32
16
43
59
55
57
70
5
36
8
51
60
19
47
19
41
53
53
56
10
26
45
46
2
17
47
56
58
10
71
21
51
61
21
54
69
12
16
36
62
18
30
54
35
71
44
2
31
68
75
26
10
61
41
52
55
4
11
17
56
59
30
40
55
60
1
21
50
16
31
65
21
51
76
14
28
52
6
30
76
61
77
65
75
13
41
16
36
52
28
35
45
56
2
3
60
72
46
40
18
44
59
72
13
42
62
69
31
41
63
69
23
40
56
56
59
76
14
45
59
26
30
50
73
1
69
45
74
40
47
56
57
69
18
36
68
69
34
59
62
64
26
52
70
32
25
27
43
25
75
39
47
51
56
21
22
24
3
39
65
2
7
68
42
22
31
60
71
41
52
61
62
11
71
29
59
17
31
75
31
66
10
67
31
42
45
51
42
41
16
62
70
77
54
56
74
31
31
38
36
39
72
10
75
8
30
75
2
29
19
75
18
35
63
68
7
56
29
41
2
54
68
41
52
14
54
16
17
26
44
64
69
11
62
72
13
24
59
11
51
54
17
29
30
51
55
62
19
25
59
10
28
49
34
38
2
65
74
40
56
76
52
13
25
70
19
23
40
31
72
77
2
46
41
43
48
61
33
38
62
26
38
40
62
32
41
43
75
56
35
51
62
70
11
57
59
77
41
70
26
53
31
57
10
39
20
38
2
8
13
60
6
39
60
68
19
35
38
43
13
25
44
64
7
31
53
29
30
59
77
22
35
57
60
64
13
40
47
76
1
18
36
58
72
25
39
10
56
59
77
11
43
68
70
51
22
23
35
42
58
64
4
70
74
1
19
37
45
60
71
5
9
3
26
25
33
70
2
25
57
59
2
17
62
18
10
13
16
31
56
65
2
42
3
26
29
7
27
70
24
54
64
51
76
17
18
21
33
62
11
52
1
58
35
67
38
39
2
24
30
53
26
35
49
1
11
23
68
35
51
6
16
17
55
62
64
65
21
28
10
19
47
49
46
64
16
18
20
40
65
76
23
61
70
73
42
49
54
24
21
56
65
2
24
70
77
10
31
77
25
2
68
11
38
17
34
41
30
59
8
24
29
30
36
13
69
75
24
39
40
60
45
56
29
30
13
39
70
41
71
55
62
13
65
68
58
62
1
61
75
7
52
7
16
41
19
49
61
1
17
67
11
29
4
33
58
71
17
33
54
16
32
57
30
60
1
60
16
25
40
50
35
63
17
24
42
43
67
10
28
75
36
52
11
13
19
72
20
52
76
47
76
21
75
77
21
27
55
58
13
57
16
62
72
75
53
61
6
1
18
23
36
28
34
13
43
60
71
2
67
7
13
31
62
68
72
49
13
22
46
11
44
56
13
31
10
24
77
59
50
51
55
6
10
17
62
4
33
41
75
6
28
20
31
16
31
45
60
75
21
47
51
30
35
64
5
7
72
75
24
41
52
76
7
13
53
69
76
60
18
38
69
51
37
56
62
19
49
12
24
64
46
52
29
17
33
26
41
75
63
8
75
28
39
47
51
63
8
21
40
44
7
12
24
27
31
63
75
38
7
43
13
57
16
24
36
16
18
32
11
20
76
77
7
43
72
7
62
6
11
41
21
34
55
61
2
70
76
72
29
41
59
51
60
42
32
46
52
24
61
74
75
41
51
77
4
24
77
7
22
46
55
13
35
42
55
1
40
52
26
76
1
59
1
29
8
29
42
28
34
71
24
36
60
7
24
58
71
19
60
71
23
42
45
68
41
30
77
31
36
3
59
70
12
18
56
46
49
10
2
20
26
51
72
19
69
7
43
26
33
65
71
1
13
18
51
24
62
55
59
56
63
2
5
29
59
1
13
24
64
71
36
38
59
53
69
21
44
61
1
35
42
54
13
59
70
40
52
71
28
35
49
57
21
2
63
44
61
11
62
33
51
12
32
35
1
5
68
2
12
76
24
43
61
18
32
64
33
67
24
25
51
57
7
55
60
70
21
60
61
13
17
60
60
77
60
53
70
34
40
41
17
41
53
55
68
30
54
16
19
34
41
28
43
77
39
1
2
16
31
7
13
2
41
50
64
11
24
16
2
46
76
6
14
19
2
3
4
6
7
8
10
12
13
14
16
20
23
32
39
41
46
52
55
60
64
66
73
75
77
