39
17
13
53
0
120
15
6
29
31
22
86
24
35
39
29
0
42
25
40
3
104
61
20
76
15
49
26
0
10
0
9
112
111
20
112
11
17
69
123
85
26
17
27
5
95
36
15
10
65
20
38
0
21
115
21
36
62
100
45
8
51
35
54
39
2
65
22
81
96
56
97
7
93
18
54
30
86
54
65
69
20
25
63
16
43
74
67
64
24
37
42
23
70
89
12
86
91
41
34
65
30
97
51
39
12
92
82
56
15
10
9
5
55
39
82
71
16
78
31
12
15
59
38
34
70
65
16
20
40
55
91
65
77
33
58
53
67
92
67
95
40
16
60
35
76
35
9
48
85
20
14
44
89
8
13
47

79
19
113
17
24
22
76
4
52
6
26
15
26
14
101
4
125
57
32
