19
21
29
38
56
67
97
105
111
115
126
130
162
194
205
210
212
229
250
252
253
271
287
292
303
318
327
329
360
371
375
395
417
501
511
530
542
549
574
579
586
594
659
664
697
707
717
732
748
793
794
802
823
825
838
850
869
911
915
927
964
968
982
991
18
23
36
70
78
89
118
121
134
154
160
193
208
223
239
241
243
245
259
268
300
314
325
326
330
349
355
402
430
433
456
461
464
470
489
510
541
564
569
582
583
615
644
649
651
690
692
693
696
703
743
805
816
820
849
859
865
880
886
887
892
901
916
953
963
986
48
59
66
68
110
124
149
152
157
168
191
214
238
280
304
328
343
344
354
356
370
373
392
409
423
424
450
468
485
491
505
509
515
547
553
573
588
608
626
688
735
755
761
768
786
801
833
852
853
864
873
883
889
896
918
928
955
959
993
999
14
37
60
91
116
131
166
180
184
190
196
228
249
266
297
341
346
357
358
425
432
445
469
471
480
482
484
487
512
523
525
536
537
548
554
578
611
633
652
663
694
725
731
744
808
815
828
843
862
874
891
895
899
950
951
962
970
7
28
99
119
127
159
178
182
188
202
242
247
265
276
308
317
324
332
335
365
385
388
404
410
413
443
444
478
502
522
524
529
555
568
604
613
638
657
660
672
680
704
754
756
765
774
814
837
857
858
871
905
906
932
938
939
978
1000
1
3
40
58
62
72
85
101
129
142
150
156
164
199
206
219
221
248
261
274
295
336
393
400
407
412
427
441
457
466
497
544
552
571
575
576
587
589
616
622
627
629
650
670
687
698
708
712
713
734
757
776
788
791
812
834
855
888
925
926
943
945
952
960
966
973
992
996
33
61
64
79
98
107
143
146
172
173
179
186
204
209
218
225
230
272
282
366
368
379
396
401
403
418
439
473
504
514
521
539
585
618
630
643
662
666
683
706
709
728
739
758
766
771
772
775
790
803
818
827
882
897
907
910
923
942
944
958
969
979
5
31
43
50
53
63
71
80
82
83
94
139
145
147
175
183
213
231
262
269
273
309
315
345
348
359
377
391
419
428
437
442
458
476
479
498
499
528
534
550
557
603
610
617
621
634
639
679
682
695
700
710
715
724
727
736
753
778
780
795
810
822
824
829
832
866
867
946
975
6
11
15
16
47
52
100
104
112
128
148
170
185
192
198
201
207
246
290
311
337
353
376
380
399
414
416
421
431
435
440
452
455
459
460
467
486
493
500
531
533
545
565
566
567
584
595
605
607
623
640
641
661
669
674
689
705
726
738
769
770
789
792
821
845
900
908
929
947
957
961
971
984
46
106
117
141
189
200
211
215
217
227
232
236
264
281
302
306
310
316
331
352
362
381
382
387
406
408
438
447
483
507
508
546
556
560
563
591
596
597
614
624
646
654
684
699
701
742
746
747
762
781
807
835
840
842
861
919
934
941
949
956
976
2
4
8
9
13
24
30
34
35
65
92
122
171
222
258
275
277
301
313
334
351
415
475
494
495
506
527
535
593
600
653
658
665
702
716
722
737
740
749
799
800
804
830
854
856
870
876
881
885
904
909
922
965
990
995
998
12
17
20
51
54
74
76
86
133
158
161
174
220
244
255
278
284
333
363
378
384
398
411
426
454
462
477
516
540
562
581
592
636
647
673
718
721
741
752
767
797
819
877
879
884
921
936
980
983
987
997
22
25
32
45
77
90
93
95
96
108
109
136
144
155
163
216
226
251
267
270
283
289
305
320
321
340
364
436
448
465
481
490
492
538
551
558
561
580
590
632
635
675
677
685
686
720
730
750
751
759
760
806
846
847
913
920
933
935
937
948
954
974
994
26
39
44
49
55
69
73
81
114
132
137
138
140
151
153
165
177
195
203
234
235
240
285
296
298
312
319
338
350
367
369
374
390
394
397
422
449
520
559
572
602
620
625
637
655
711
714
723
798
817
831
839
860
863
893
912
924
930
967
972
985
10
27
42
102
113
120
135
176
187
197
237
254
256
260
263
279
291
293
322
323
361
372
383
389
420
429
446
453
463
474
488
503
517
519
532
570
577
598
599
606
612
619
628
631
667
668
671
676
678
681
691
719
729
733
745
763
764
773
777
779
782
796
809
813
836
841
844
851
875
890
898
902
917
940
41
57
75
84
87
88
103
123
125
167
169
181
224
233
257
286
288
294
299
307
339
342
347
386
405
434
451
472
496
513
518
526
543
601
609
642
645
648
656
783
784
785
787
811
826
848
868
872
878
894
903
914
931
977
981
988
989
