1589.95
4243.17
3731.19
2727.55
4766.85
1264.97
4767.10
1811.83
1933.60
1812.02
2165.81
4996.55
3942.88
4274.93
3586.84
2191.80
4134.22
1348.21
4343.72
3226.01
4922.64
1929.85
4566.28
2733.39
5114.04
4551.77
1701.33
2607.81
3533.02
3086.22
3272.09
2779.59
4395.62
2206.23
3241.51
1725.16
4317.29
4170.41
5379.92
1190.21
3199.80
2686.89
3646.58
3635.74
4538.48
2975.56
2891.03
1720.13
3201.27
2777.81
2913.04
1699.56
3534.12
5469.33
3452.11
4041.05
4703.00
1724.25
2308.53
4136.02
2445.19
5231.01
3297.63
2172.00
4285.38
3856.62
1603.68
1758.68
2848.94
1151.09
3290.43
3251.34
3417.45
3460.44
5248.07
3948.53
4440.57
4842.45
1656.56
5310.40
2427.05
2197.02
2117.21
4163.22
1251.81
3090.34
2257.27
3389.69
2004.93
3689.23
1888.44
4138.00
3231.79
1347.13
3157.55
1948.70
3363.81
4833.55
4357.45
5359.62
1836.15
1531.74
5092.52
4892.01
1587.79
4444.71
5451.85
2499.19
3134.26
4645.13
4939.75
2096.57
5397.83
1614.69
4515.59
1493.31
1030.33
2840.93
4124.03
5399.72
3002.79
1907.28
3262.28
2095.41
1775.49
2325.81
4547.37
3968.83
1718.11
4902.86
2410.83
4634.24
4482.22
2924.20
2661.73
5198.96
4065.45
4897.49
2384.60
1061.01
3957.98
1758.38
1568.19
1467.68
1526.21
4559.98
1051.79
5304.82
5404.66
2391.95
4402.49
3078.53
2441.45
2028.16
4209.39
4284.64
2465.86
3017.73
3485.86
4756.65
4743.00
1729.22
1148.12
1309.91
4064.73
2971.78
1498.25
3627.06
1406.38
3592.27
5113.32
1794.09
4322.69
2262.71
4844.82
4851.58
3577.06
4055.15
4074.32
4612.22
3663.58
5498.54
2580.57
5262.78
3083.54
2364.11
2719.90
5292.81
1417.47
3713.50
2619.01
4528.19
1425.26
3094.12
1495.89
4256.57
2611.61
1088.94
1762.69
5412.20
1804.88
2725.16
5385.77
1274.26
3060.66
3556.53
3683.44
4664.35
2807.21
3102.74
5011.56
2717.62
1183.32
5187.34
2116.60
4836.63
3804.19
3896.58
4366.02
4750.30
1825.03
1844.08
2562.12
1899.36
4942.49
3359.17
4856.96
4352.17
2982.47
3139.71
3084.24
3373.56
1154.21
2617.03
2932.76
2159.30
3872.60
4006.01
2457.90
2141.45
5226.33
2665.07
4916.62
5405.57
5338.74
4877.51
2423.87
1311.51
4001.88
2327.02
4647.66
3819.46
3629.94
3454.14
4823.58
4003.73
1500.09
1077.92
2544.66
3479.93
1487.34
2901.14
4467.57
5471.13
4986.37
3083.37
3667.32
2238.97
3856.16
2563.19
2867.39
3903.59
3829.89
3520.21
1639.17
2013.39
4048.19
1478.84
1799.32
1139.02
3676.33
1121.56
3806.86
5066.59
3677.95
1229.58
4245.14
4146.61
4075.16
5006.55
3631.04
4324.27
3762.60
1763.18
4306.23
5011.76
1765.17
4934.14
1681.29
4186.77
3099.84
2118.21
1020.68
2036.05
3368.51
3745.30
5289.93
1257.59
4489.37
4398.69
1677.50
4785.39
5202.68
4224.57
1209.49
4005.28
5015.62
4536.07
3047.43
4635.28
4599.59
3066.58
1747.46
1239.69
4095.86
5272.85
1242.38
2343.51
2286.54
5175.07
4571.83
4262.94
1464.44
3221.11
3882.36
2133.53
1838.12
3771.46
1018.13
2495.86
2371.32
4528.06
4101.34
5475.04
2360.89
2987.12
2836.68
2437.30
3136.87
3501.57
3770.08
3943.51
3238.98
1185.12
5483.16
5330.18
4507.11
2660.18
4454.67
4454.11
4366.08
1341.21
3348.99
1434.49
2336.88
1694.08
1949.39
4155.22
3886.66
2172.49
4352.50
3096.44
4062.89
1976.49
2170.14
3214.01
2412.79
4107.55
2230.19
5079.44
2607.37
1380.69
