928.89
1443.39
1543.34
915.65
2063.26
675.58
1301.37
1870.64
1569.74
1416.31
2063.72
1537.40
1564.90
579.90
1826.89
1491.01
1346.66
1987.62
957.23
2061.41
669.69
1367.91
2169.49
1094.77
2025.06
1890.79
1883.52
1463.53
1573.95
1159.58
1253.77
795.47
1473.94
1336.70
1600.33
741.15
1807.13
793.81
1407.23
670.62
1574.79
2176.01
1853.96
1546.83
748.09
1716.46
1801.93
1252.29
1830.59
1086.88
971.10
2088.04
2069.27
897.41
1023.06
1581.53
735.31
1510.56
630.97
1916.21
713.39
2058.21
2104.39
1116.96
2118.71
624.84
2159.28
2011.92
1633.44
1687.14
1111.66
799.03
1609.76
755.67
2170.01
1301.94
864.01
1916.52
2001.19
1502.14
933.13
2139.85
1402.85
804.33
1891.76
526.33
947.39
1603.80
1775.36
673.54
1437.16
1047.44
918.55
1411.62
1538.23
506.82
1254.60
1778.70
1904.62
1937.62
1891.63
694.81
2183.60
1866.29
1331.67
1059.33
689.18
1332.31
1572.21
1577.77
1124.69
860.73
1992.07
2161.78
1107.66
1440.12
1847.83
995.50
1723.75
1486.74
1618.59
1515.38
603.63
584.04
1705.43
666.41
2091.56
562.83
1825.19
521.68
1405.44
679.96
1683.53
1706.06
1775.90
549.89
1799.21
590.77
1542.80
740.54
635.98
2163.84
934.25
2105.58
1309.22
1930.28
706.03
1541.45
1214.79
1913.65
2150.08
2139.46
888.59
1898.55
819.08
616.64
750.20
816.28
1496.61
1837.18
1180.67
602.03
1972.66
1890.22
1826.48
1606.45
812.16
1699.38
1098.27
2157.15
1871.88
1637.88
598.12
1043.95
599.23
669.47
1484.92
729.22
1644.87
1455.88
1634.96
1546.11
851.86
2189.83
1392.16
1814.65
960.33
848.45
2019.41
986.95
859.82
1664.71
1996.00
633.72
885.45
1485.31
2127.10
723.97
2194.17
1748.95
1853.50
828.28
706.82
1893.68
2064.33
815.33
605.94
1272.29
743.39
1081.56
728.30
1105.25
845.85
1175.15
663.04
1070.24
1360.18
571.90
1140.23
2146.58
1402.77
1338.98
1988.08
708.71
530.46
833.07
564.07
1849.51
599.30
1479.49
1845.34
1193.56
572.39
1198.25
506.76
889.96
578.39
1533.92
1180.90
1432.86
1407.95
1757.68
1171.30
784.62
1354.81
2169.26
1283.62
529.11
1151.28
1551.36
516.28
2085.83
1466.47
712.80
663.35
1420.33
1736.93
712.41
1225.19
1559.04
2182.28
1235.83
1415.06
572.58
1697.91
1650.73
1328.75
758.58
1803.28
1351.56
1075.48
1685.09
1209.96
566.81
918.35
1425.62
669.58
1748.28
1999.61
1731.77
1963.32
1770.04
1937.65
699.84
1487.67
577.25
1256.45
1410.24
1089.24
826.28
749.89
1988.10
1757.75
1570.71
959.47
648.82
903.81
901.34
1323.54
1901.49
1905.93
1174.64
755.76
833.12
1229.34
786.98
1271.36
715.82
627.28
1023.08
1876.22
920.30
1173.38
705.92
1331.97
2080.15
1345.84
1475.32
1961.48
1975.15
1325.58
1342.04
2079.78
2012.56
634.48
2175.16
2082.36
644.51
1706.78
1925.10
1764.12
1090.38
1262.30
2126.71
650.29
1725.17
1859.53
1743.33
1211.64
842.37
615.99
1648.70
1589.61
781.29
849.27
1672.11
540.78
1257.73
1796.19
840.00
995.89
936.18
1159.24
1182.37
1627.30
880.55
619.42
1230.30
1093.58
2047.88
698.78
1506.42
1664.46
1477.95
1340.61
1511.12
1228.60
1908.54
1858.00
1701.72
869.99
2001.94
1118.66
1177.22
994.59
2012.57
1622.96
1197.48
1594.95
1686.44
1716.16
1732.46
1322.84
2163.19
