1
2
3
5
7
10
12
15
17
19
21
22
25
28
30
32
37
38
39
41
44
45
47
48
50
51
52
53
54
56
58
59
60
62
63
67
68
71
74
78
79
80
81
82
83
87
89
93
94
96
98
100
101
102
103
104
105
106
107
108
111
115
116
117
118
119
121
122
124
125
126
128
129
130
133
134
138
139
140
141
142
143
144
145
146
148
149
152
155
156
158
159
161
163
166
168
170
172
173
175
176
179
182
184
185
188
189
191
192
195
196
201
203
204
206
207
208
211
213
214
216
218
221
223
225
227
229
231
234
235
236
237
238
240
242
243
245
246
247
248
253
258
260
261
263
264
267
268
269
270
271
272
274
276
283
284
285
286
288
289
290
291
295
297
298
300
302
305
306
308
309
314
316
318
321
322
325
326
330
331
332
335
336
337
338
340
341
342
343
344
345
346
350
351
352
353
357
362
364
366
367
368
371
373
376
377
378
379
380
383
385
386
389
390
391
393
396
397
398
399
402
403
405
406
407
408
411
414
415
417
419
420
421
422
426
430
432
433
434
436
438
440
441
442
445
447
448
450
451
452
453
458
459
460
461
464
465
466
468
470
471
472
476
477
478
479
480
481
482
484
485
486
489
490
493
498
500
501
502
503
504
505
509
511
512
515
518
523
524
527
528
533
534
535
539
540
543
546
547
548
549
553
554
555
557
558
560
562
566
572
573
580
581
583
585
586
587
588
589
591
592
594
595
596
597
598
4
6
8
9
11
13
14
16
18
20
23
24
26
27
29
31
33
34
35
36
40
42
43
46
49
55
57
61
64
65
66
69
70
72
73
75
76
77
84
85
86
88
90
91
92
95
97
99
109
110
112
113
114
120
123
127
131
132
135
136
137
147
150
151
153
154
157
160
162
164
165
167
169
171
174
177
178
180
181
183
186
187
190
193
194
197
198
199
200
202
205
209
210
212
215
217
219
220
222
224
226
228
230
232
233
239
241
244
249
250
251
252
254
255
256
257
259
262
265
266
273
275
277
278
279
280
281
282
287
292
293
294
296
299
301
303
304
307
310
311
312
313
315
317
319
320
323
324
327
328
329
333
334
339
347
348
349
354
355
356
358
359
360
361
363
365
369
370
372
374
375
381
382
384
387
388
392
394
395
400
401
404
409
410
412
413
416
418
423
424
425
427
428
429
431
435
437
439
443
444
446
449
454
455
456
457
462
463
467
469
473
474
475
483
487
488
491
492
494
495
496
497
499
506
507
508
510
513
514
516
517
519
520
521
522
525
526
529
530
531
532
536
537
538
541
542
544
545
550
551
552
556
559
561
563
564
565
567
568
569
570
571
574
575
576
577
578
579
582
584
590
593
599
