0
40
70
0
0
0
0
0
0
0
30
0
0
0
12
71
20
48
15
19
51
70
85
40
2
52
46
83
44
100
13
69
97
75
9
49
72
82
35
2
98
86
47
48
46
98
56
12
54
46
66
63
59
18
37
70
64
42
42
66
78
13
78
18
99
26
42
13
73
34
21
54
54
31
58
50
5
22
1
68
10
64
55
63
24
52
86
36
29
41
50
28
53
68
3
76
96
95
53
59
85
7
46
22
61
46
52
4
55
30
35
55
92
83
83
44
5
63
95
78
61
3
61
76
20
21
76
93
73
71
87
25
30
71
12
27
17
80
22
86
67
31
13
98
41
77
35
78
35
9
27
95
2
5
20
33
92
1
48
78
31
77
50
2
10
45
21
46
49
57
1
32
28
99
97
45
12
16
76
66
56
7
71
17
75
55
19
16
100
65
82
27
78
100
18
87
21
17
59
5
85
46
21
61
81
95
38
89
36
67
86
23
60
15
39
60
22
87
2
39
68
61
97
11
93
54
19
41
42
91
60
84
1
63
55
24
26
45
100
86
32
7
98
78
87
75
69
55
87
8
97
76
9
38
95
65
49
86
53
98
70
42
9
42
70
87
89
43
91
79
67
56
11
5
75
47
30
15
1
55
80
20
29
96
54
67
95
6
65
75
14
61
2
49
28
68
96
30
51
62
63
5
60
42

0
0
0
0
0
0
40
0
0
0
0
0
0
0
0
0
70
40
0
0
0
0
50
0
0
0
0
0
10
0
70
0
0
70
60
0
0
0
0
0
0
10
0
0
0
0
0
0
0
80
0
100
0
10
0
10
0
0
0
20
0
0
0
