

14033335568
6172235589
28303384290
838635286649
448477190408
705814003527
10655648674
860452626434
716571220373
657282285970
380657522649
648856936185
635297277345
465887807014
695479687538
517338314235
990911107354
949312333307
407752414682
747791594069
272572357893
144453869132
892775750063
161968374323
902731229323
934730187245
196495945706
998009777982
665356572025
678220867005
18461860151
525255540978
745994947458
627705991774
911872220378
708403338270
440512153169
481183273622
912257250465
489783829737
378318851631
680768868518
42384721397
471675840679
539758313890
177727722820
675292816413
262076994845
69493378813
705800322606
876295323994
307703950263
171822533480
680428310138
697760867968
920811325222
499352017190
347487831378
889318963672
212869228936
800024380485
250767749542
1395251317
914090181665
491001136577
333489324603
409983924481
663449333709
947233365992
990214419142
107137400143
407733804223
565018274456
255800440636
427454485876
241832790687
251164340471
896314772871
918711376618
875756771675
18581624103
701457319790
223664661973
821972242086
800716535041
48417642933
720998247660
135117278909
198123170793
978987363654
846225459260
991562402283
345679835036
132986892228
275595571388
835433605312
4764773857
6171054059
817248913162
412903167998
333339908719
942570536750
196568435814
709935135487
484292626944
449216226468
963887147572
547003310357
330838016880
371490777743
622255216127
379804592943
272234298332
824370924746
358178933857
886636413768
867546627903
386759646229
577812616052
909029256431
787654415858
765345144779
665993880048
937222955822
677976133614
614935229095
490211944645
582835362905
237426099212
973047364353
509492324775
935448624185
252265130067
707169393853
321944036800
23712411567
90921003005
146497509724
963369996279
468060467018
33173584456
9099941466
581852137991
581174211853
923261616249
563660187896
918032330119
206841104594
597815221267
354615066969
885899703621
632316273199
189446090264
761379480249
719202533520
499408708580
904253967161
889538496300
368899174225
170117068815
931059836497
149981248346
177167004331
168476538960
819416131190
697151428760
935508855935
843801144113
182363341674
201705577290
161801569569
264541743403
275788967899
734780743462
493008546874
48265851133
230250973122
506134035434
953689007081
391065549876
866092335135
104150372603
72136330362
662227486184
947468818183
302590383819
951486492670
760171523969
855863906434
650752094490
247646995453
352469351088
812824036424
956188728558
940830176580
104491201771
419419591240
331132568928
264286442804
768481779568
470884141195
764477681869
146640639760
369050085652
652218196731
646237101779
905903574913
90336226227
403404780639
49677664184
95666951770
756460337785
408304391718
168758068397
584316724815
785881412500
352679173732
873492228462
778502731092
886649065861
991802825778
706878974831
469738825391
516331171356
99760893676
963063788669
460795526514
684192903087
669828224459
594319417514
22326410776
479007229460
541327526474
588964509072
431770603551
630424482919
610173756082
727785483194
792557457753
918119601885
63937119031
137773001988
279979529227
890283544295
686015532180
569868543137
890289150158
741070712873
266798132374
435785045362
56257502250
716256596301
567359279425
246810237916
134673576619
840522972766
987442542471
884536620568
245477603573
46871694740
538241037443
276555730211
265153400632
282874611748
322888976727
303967439816
475553436330
621625204422
192459639410
357445645426
685010736240
701767622697
271149517630
170739645687
45387294817
959949395183
874337098891
75975221996
363982224739
880756161823
117592274996
85059738746
583021225407
62781725285
790651020929
195003555232
341242939532
558236142492
648482415405
957128697225
172262454487
892523334
976798660411
350970907017
96604821070
967274728547
816436065431
429925609431
510737228015
161643343536
710603868323
51917807050
96110042435
108053751300
407218522294
504434452842
262088367001
181179321332
573441801529
983259819766
806016930576
103602195112
688485191923
824396883951
613124286867
704948322302
508800331065
139378397418
46568045367
556100547674
674805712553
478229987054
908029859266
972574862516
869051782691
168884817145
829116184079
961370847344
834418779292
38158430589
965273813662
165450987037
105470691550
38988715447
119501405123
834626715837
80303246192
869507847714
647899404952
231383037471
624138001031
870635127812
718917251754
697656479977
895616862749
64536069371
20064292617
262744791493
627924259271
55477302294
53912826864
689199636560
840957664136
256546485220
754358349853
764680915323
142596392389
650496654258
738968474939
620719383725
296394569728
102396298916
845378657301
675120358494
568367775448
151249681135
634445428822
99883471275
166898395731
320471479776
561729882725
960505250340
333390595558
440365973660
45554316010
600264533987
409315295763
96846695220
342720754566
71857599858
924815207181
821476736117
934352415130
486395999608
106439158941
550306965159
776031833752
619966287415
900235712074
426255288071
464511145118
175283210378
667736124769
47808359842
737229003916
537374465982
765957414528
679095087143
604177838256
841876514789
280578750435
775235029633
794553031307
516647474029
206169448769
1483365694
779461480495
302526949177
328494873422
359478883004
653436985797
615964523510
598912394463
129953030512
480039662421
680851640676
855290087237
15273765306
214976066017
491271355190
987306329957
546793516940
270456873752
368284120423
129673677866
736517327853
548003849552
157133457169
419009857119
307133768620
572068624538
497288595103
82619513349
617567598243
342709348083
959834530529
746251338300
145720452260
331888642162
689681677428
575081026569
82088937724
406784385440
240776414296
876491807547
237368926031
411549550611
39463554936
782900030287
72524459905
474047727727
834061016202
524567129902
985109775584
974433019532
118011831565
205524798287
670370974122
924663855568
335052544020
762361821578
366776723320
325526730021
209342540247
164414772677
928809465153
49084281333
268053970382
769370126331
195337700615
622884741180
562370137426
248446668735
206060652238
932992626595
131912793873
726875628268
856872225376
553452430707
667648979883
191958435142
435118527255
510383179153
684529463244
975185523021
508348602835
702955450528
936806643983
589377568313
488425406814
37247325001
17305839123
171973024401
158399646978
854259976812
898559280434
962020153680
211256301880
959467760895
144206758053
465897838272
793996678771
52709222667
868602816371
759586584889
111177206479
82671830126
131370665218
402630109080
441628280920
442673923363
711928348157
59634255214
879347453467
282667506728
288910576761
602101369463
448876499197
627425618482
158326114853
132100972047
574973479129
25865528181
236679267178
638409958875
35533115997
182059202712
214756839122
338244023543
105882218332
80593242951
717566026669
427274926505
478380208348
383353187467
122981120653
8912935608
745267607502
484500282381
488600270038
754579047924
932156667696
921960450089
784907335610
786270036240
169352919175
426346224043
357593328658
135407755975
50898428626
84794532510
978430786151
380077794770
955349440539
698182547686
62127829280
368738360376
590764256785
107092893983
970638808606
855066328617
817740355461
239357986667
946114054231
997453607116
203202500108
863080561151
525518075499
324346485054
618156722572
128499386727
203804046132
770864062795
867287719310
844018348565
315528269898
14465669789
278669994384
29341849811
377633994405
954786054144
165164761435
294449058179
995527378381
285710089439
170115379190
914466027044
182178609211
387448063440
338758048786
154124128457
864392582257
410877354933
437829801725
137809746111
640843562301
935952366111
199514580428
644021380889
145308717464
288241215394
