12
10
5
9
40
10
35
15
6
15
20
40
25
40
20
42
40
15
21
21
20
35
25
30
15
12
25
6
15
50
65
6
10
1
16
50
15
21
20
20
12
15
2
60
28
60
36
35
25
30
20
12
50
70
15
10
4
60
20
30
25
24
6
40
24
24
15
20
60
33
20
7
12
6
15
10
20
12
16
15
8
25
15
12
20
30
1
6
4
6
2
20
18
35
3
15
21
20
5
45
40
36
100
40
40
20
15
10
3
30
9
20
15
15
10
20
24
2
20
12
10
5
6
18
15
15
21
6
4
12
30
15
60
20
40
40
30
15
15
20
30
20
10
20
40
28
12
40
30
15
30
10
2
25
25
30
10
10
5
10
3
1
5
20
30
2
20
3
10
5
6
7
4
24
20
10
12
40
30
25
14
30
10
70
20
20
6
8
14
30
30
10
20
5
4
4
21
70
30
40
80
6
12
9
4
40
24
16
50
25
50
35
30
9
40
10
10
8
20
12
50
25
15
40
10
16
10
10
40
8
10
7
25
6
48
18
40
24
20
28
25
20
15
10
70
28
20
12
40
8
9
24
56
40
40
50
4
15
35
70
70
80
9
36
20
10
50
4
6
15
25
24
15
18
20
13
77
10
10
20
12
50
12
4
25
25
30
12
20
30
16
8
10
10
20
56
70
80
30
35
10
35
28
54
55
50
20
24
20
12
12
30
5
24
5
5
36
18
15
7
5
13
25
35
20
18
15
30
20
6
12
40
70
42
80
50
30
15
15
10
42
20
20
6
8
16
20
18
20
6
30
14
32
9
14
60
50
20
15
20
28
15
10
20
8
15
10
15
6
12
15
15
20
40
16
15
20
30
60
40
45
24
18
50
25
42
7
70
32
10
10
28
70
8
40
60
21
10
18
30
120
60
30
35
14
21
35
30
18
70
20
60
60
65
21
70
30
40
30
50
10
30
42
5
2
30
15
15
10
6
35
12
12
49
16
25
40
9
20
24
40
14
18
50
2
20
20
10
20
50
2
36
35
60
55
16
15
60
20
20
2
8
20
4
30
15
10
2
14
20
60
49
30
10
20
5
7
35
20
40
35
45
50
30
70
50
50
30
10
40
28
6
18
10
12
10
5
40
30
24
15
15
20
15
15
16
6
30
45
49
24
90
50
30
80
60
6
12
10
15
8
30
6
15
12
20
3
15
40
35
2
6
20
14
20
35
20
6
120
35
28
55
15
100
15
25
20
20
10
20
50
25
30
40
21
36
30
30
20
15
50
16
20
40
21
4
40
28
60
1
21
21
50
16
3
30
20
25
18
20
30
25
10
5
28
12
8
15
40
35
2
30
15
8
30
20
80
18
12
12
12
18
21
10
35
60
42
2
12
15
21
20
20
30
28
60
30
30
12
24
40
10
35
30
14
10
3
20
20
30
60
5
25
16
5
30
24
30
20
15
18
60
30
36
15
7
60
20
15
10
10
30
10
20
5
20
14
25
25
14
5
30
20
25
12
8
20
21
6
30
70
20
12
12
10
25
3
18
14
15
15
10
10
3
36
36
50
50
10
10
9
6
12
40
50
15
39
35
70
39
50
16
50
120
16
84
25
80
20
6
4
6
5
15
9
16
40
10
8
5
3
10
6
40
24
20
25
25
15
18
6
2
10
60
15
30
15
8
10
30
50
30
3
8
9
14
20
10
40
25
20
50
2
15
24
50
24
24
10
10
10
50
10
5
15
15
20
30
35
30
6
20
21
9
7
1
8
15
15
6
60
40
30
35
35
4
36
9
15
24
30
70
7
7
10
10
30
40
24
60
10
14
55
100
48
8
10
6
10
40
20
40
18
30
15
14
24
30
6
30
20
20
10
30
35
18
20
40
24
30
20
25
20
30
18
3
12
18
20
15
10
50
20
10
25
70
16
6
25
25
18
35
18
10
60
3
40
5
35
30
15
60
11
28
12
10
50
15
18
40
25
14
2
10
6
12
6
30
10
10
20
21
10
20
18
20
6
10
21
15
9
30
50
4
14
10
24
10
50
15
4
6
20
20
40
100
4
20
60
14
10
50
25
5
21
20
4
24
30
30
120
65
5
24
30
35
20
12
50
9
10
4
30
60
35
5
48
25
6
10
30
20
70
15
20
20
10
45
100
14
42
12
28
3
10
6
21
6
10
15
70
55
18
40
80
8
40
14
8
5
5
15
14
15
15
30
70
20
15
42
40
5
5
5
10
20
15
20
18
21
15
25
3
30
10
6
10
3
5
10
12
20
20
15
35
25
20
9
12
35
8
30
20
36
13
35
80
35
50
15
2
10
15
40
25
6
10
25
60
20
21
60
8
20
15
50
60
30
20
15
21
2
4
20
21
20
15
15
18
30
35
30
20
15
15
20
15
30
25
30
12
20
2
20
30
20
12
20
6
20
3
28
6
50
24
45
10
45
30
60
70
55
70
20
24
40
21
3
49
10
30
30
20
24
12
15
20
1
10
36
10
45
14
8
4
15
30
32
60
25
50
25
10
10
12
15
12
3
6
6
5
30
10
30
2
7
21
30
8
100
30
120
30
12
50
20
40
30
12
28
30
4
30
9
20
40
30
20
4
15
30
15
50
10
6
18
60
14
35
20
30
30
40
40
24
48
20
6
60
30
15
90
25
50
10
4
20
20
18
7
9
30
30
15
8
12
65
8
12
5
12
40
60
42
20
35
6
15
5
35
35
6
35
24
20
4
20
24
8
21
40
28
4
5
40
28
10
5
5
12
42
120
3
30
18
30
110
24
30
27
50
18
12
21
30
5
7
10
32
15
25
36
20
40
20
12
3
40
21
8
50
3
50
45
42
15
16
5
12
4
6
25
5
20
10
10
15
6
12
15
50
30
40
15
3
10
40
30
20
16
20
25
30
15
20
20
2
40
20
4
12
3
6
18
5
35
40
14
15
20
50
35
28
50
24
16
45
7
6
28
9
40
8
35
9
30
44
40
28
15
6
10
5
40
25
12
30
20
15
8
3
4
5
3
30
30
14
25
21
20
6
20
30
7
30
24
20
60
40
10
12
40
30
35
18
16
30
28
60
40
6
20
20
130
80
40
35
40
2
4
50
15
12
30
15
20
15
15
16
18
25
33
70
7
2
50
6
3
16
12
27
120
20
10
20
20
35
15
3
20
35
1
10
5
30
2
30
10
10
30
15
42
15
20
50
40
30
15
30
18
3
20
14
20
10
3
15
14
8
15
6
65
35
21
10
35
24
20
2
10
20
20
25
50
10
7
40
20
25
30
60
5
24
15
15
36
24
4
10
10
20
2
15
1
20
50
20
7
5
5
15
18
30
16
40
20
12
35
20
20
8
30
16
30
20
40
30
60
25
20
20
7
20
30
20
6
3
6
20
15
40
15
12
9
12
20
35
15
15
21
5
2
10
20
10
21
6
28
30
24
2
8
8
9
3
10
16
3
20
9
9
8
20
15
2
52
6
24
60
30
6
25
40
21
4
25
50
30
15
6
10
16
30
50
15
15
5
20
12
4
35
70
25
42
60
48
21
30
20
80
12
60
36
45
55
30
3
49
18
20
4
30
5
10
10
42
15
6
50
10
100
65
50
14
24
15
20
20
30
35
10
5
10
4
40
35
30
3
20
42
20
40
35
3
25
8
20
12
4
15
60
80
21
6
40
3
20
30
42
40
10
50
20
3
2
50
12
16
10
20
15
21
20
3
10
25
21
15
21
20
30
25
20
12
10
10
30
30
50
10
25
20
32
8
40
21
12
20
12
30
25
70
35
40
5
20
18
40
40
15
10
14
15
40
30
10
24
35
20
28
50
120
110
45
91
100
15
16
80
36
5
8
3
30
30
30
6
40
21
20
15
35
20
15
14
20
14
12
15
5
12
10
5
10
12
15
40
60
30
40
15
25
10
30
10
6
6
20
1
10
60
25
24
24
20
24
10
40
15
35
10
10
24
20
30
6
25
12
2
10
7
10
5
5
20
5
5
60
49
15
36
25
25
30
42
30
30
14
16
20
2
30
20
21
4
8
30
8
20
20
24
49
35
10
40
8
20
44
30
80
50
28
15
21
15
5
18
18
20
10
25
25
40
4
9
40
4
12
30
6
60
5
15
6
50
16
2
50
50
28
25
30
24
12
12
14
8
30
40
8
20
6
5
20
10
24
6
60
45
77
20
9
44
2
6
5
10
16
8
12
12
12
40
30
30
4
9
40
14
6
7
5
6
10
10
16
10
20
30
30
10
20
20
40
10
6
18
20
80
30
24
35
40
60
20
9
84
15
55
20
40
36
8
35
30
15
10
15
60
6
20
60
40
40
15
4
65
60
65
66
50
20
90
2
50
35
18
20
4
40
50
20
20
12
7
20
30
20
15
21
25
30
30
60
25
25
6
56
15
24
40
4
10
10
6
6
2
10
8
2
30
10
14
70
90
21
12
18
9
20
10
40
20
50
36
60
10
4
20
2
28
15
18
15
16
25
110
30
20
10
5
3
2
24
11
15
63
44
35
35
30
4
30
12
30
21
50
10
20
8
10
30
21
35
24
20
12
100
70
60
100
45
80
21
20
16
35
25
30
70
36
15
12
6
10
60
30
10
7
30
4
5
2
30
20
24
60
28
20
30
30
15
4
10
12
15
24
20
15
18
25
30
42
10
4
50
10
30
10
35
20
25
10
20
15
15
20
20
40
35
50
3
3
21
4
30
12
35
4
10
15
10
12
30
40
30
77
12
25
4
55
4
20
3
42
35
9
8
36
28
20
40
20
30
20
15
10
8
40
22
130
10
20
14
10
30
2
20
20
10
24
4
1
1
1
2
1
2
4
1
2
1
2
1
2
3
3
2
2
2
2
1
2
4
2
