20.99
12.99
18.99
26.99
22.99
17.99
28.99
15.99
21.99
24.99
16.99
22.99
21.99
23.99
10.99
23.99
14.99
27.99
20.99
23.99
17.99
10.99
9.99
19.99
15.99
15.99
12.99
16.99
11.99
27.99
16.99
11.99
15.99
29.99
24.99
12.99
28.99
25.99
10.99
22.99
17.99
10.99
15.99
21.99
14.99
13.99
23.99
24.99
22.99
20.99
10.99
29.99
25.99
15.99
27.99
15.99
18.99
16.99
20.99
22.99
28.99
23.99
21.99
26.99
20.99
27.99
24.99
26.99
21.99
26.99
25.99
12.99
22.99
18.99
14.99
23.99
15.99
12.99
10.99
21.99
29.99
13.99
18.99
13.99
29.99
11.99
14.99
17.99
22.99
11.99
17.99
19.99
27.99
14.99
18.99
21.99
24.99
12.99
14.99
21.99
26.99
20.99
27.99
17.99
21.99
14.99
13.99
19.99
17.99
25.99
17.99
22.99
19.99
26.99
27.99
10.99
15.99
26.99
22.99
16.99
15.99
11.99
22.99
16.99
19.99
16.99
14.99
10.99
16.99
24.99
12.99
25.99
14.99
21.99
22.99
26.99
21.99
29.99
21.99
23.99
11.99
24.99
17.99
24.99
25.99
24.99
16.99
13.99
21.99
9.99
26.99
13.99
18.99
12.99
26.99
15.99
29.99
16.99
12.99
12.99
27.99
13.99
29.99
20.99
27.99
19.99
10.99
23.99
19.99
28.99
13.99
12.99
25.99
13.99
27.99
21.99
20.99
25.99
14.99
27.99
10.99
9.99
14.99
24.99
10.99
17.99
12.99
24.99
23.99
23.99
27.99
19.99
20.99
22.99
16.99
29.99
27.99
22.99
29.99
27.99
18.99
26.99
9.99
25.99
22.99
25.99
26.99
16.99
24.99
13.99
20.99
14.99
19.99
13.99
27.99
16.99
20.99
22.99
20.99
13.99
9.99
27.99
24.99
29.99
19.99
20.99
17.99
16.99
12.99
20.99
27.99
29.99
17.99
27.99
13.99
19.99
21.99
29.99
16.99
10.99
20.99
13.99
22.99
26.99
28.99
16.99
19.99
20.99
26.99
26.99
19.99
18.99
18.99
11.99
21.99
20.99
14.99
11.99
15.99
9.99
13.99
17.99
14.99
13.99
28.99
27.99
14.99
27.99
22.99
29.99
12.99
9.99
14.99
20.99
11.99
28.99
24.99
19.99
11.99
26.99
9.99
20.99
10.99
23.99
18.99
16.99
19.99
20.99
25.99
29.99
10.99
20.99
17.99
26.99
14.99
23.99
29.99
13.99
9.99
21.99
24.99
29.99
27.99
28.99
24.99
12.99
9.99
13.99
29.99
20.99
14.99
20.99
11.99
13.99
10.99
18.99
25.99
14.99
22.99
28.99
21.99
29.99
22.99
11.99
29.99
18.99
24.99
28.99
15.99
22.99
25.99
16.99
16.99
21.99
23.99
22.99
11.99
23.99
17.99
14.99
13.99
28.99
14.99
28.99
17.99
13.99
17.99
9.99
27.99
21.99
10.99
22.99
22.99
18.99
18.99
10.99
13.99
29.99
20.99
24.99
25.99
13.99
12.99
14.99
21.99
29.99
20.99
20.99
22.99
26.99
17.99
26.99
14.99
29.99
17.99
20.99
20.99
24.99
14.99
11.99
25.99
21.99
13.99
19.99
26.99
12.99
27.99
16.99
9.99
20.99
25.99
13.99
19.99
21.99
28.99
18.99
26.99
21.99
23.99
15.99
10.99
15.99
18.99
26.99
13.99
22.99
12.99
28.99
9.99
19.99
13.99
25.99
16.99
23.99
23.99
10.99
29.99
27.99
19.99
27.99
10.99
25.99
29.99
12.99
20.99
15.99
19.99
21.99
29.99
23.99
12.99
22.99
23.99
25.99
28.99
14.99
13.99
22.99
28.99
21.99
21.99
24.99
11.99
22.99
11.99
19.99
28.99
25.99
12.99
29.99
12.99
15.99
17.99
20.99
11.99
18.99
21.99
26.99
23.99
26.99
14.99
17.99
21.99
13.99
17.99
20.99
10.99
12.99
27.99
24.99
23.99
24.99
16.99
21.99
29.99
9.99
15.99
10.99
12.99
29.99
22.99
12.99
29.99
13.99
16.99
14.99
29.99
23.99
14.99
13.99
18.99
11.99
18.99
21.99
10.99
10.99
15.99
11.99
24.99
11.99
9.99
21.99
24.99
25.99
24.99
14.99
13.99
18.99
26.99
29.99
23.99
25.99
21.99
17.99
14.99
18.99
28.99
15.99
27.99
28.99
28.99
9.99
21.99
13.99
29.99
10.99
24.99
25.99
12.99
27.99
18.99
28.99
21.99
18.99
21.99
18.99
29.99
19.99
21.99
10.99
21.99
28.99
20.99
11.99
14.99
27.99
19.99
27.99
28.99
22.99
9.99
15.99
12.99
22.99
25.99
26.99
27.99
18.99
22.99
21.99
26.99
12.99
16.99
11.99
9.99
20.99
26.99
11.99
18.99
20.99
26.99
9.99
22.99
19.99
27.99
13.99
10.99
16.99
22.99
12.99
16.99
19.99
26.99
26.99
25.99
27.99
20.99
11.99
20.99
17.99
20.99
28.99
13.99
22.99
20.99
25.99
12.99
22.99
20.99
16.99
20.99
14.99
27.99
10.99
13.99
15.99
18.99
11.99
23.99
17.99
17.99
10.99
19.99
11.99
21.99
19.99
24.99
21.99
20.99
23.99
23.99
25.99
9.99
25.99
18.99
12.99
9.99
24.99
9.99
19.99
11.99
10.99
10.99
14.99
15.99
12.99
16.99
23.99
9.99
21.99
21.99
13.99
22.99
29.99
18.99
12.99
18.99
17.99
14.99
27.99
20.99
14.99
15.99
19.99
22.99
9.99
12.99
19.99
14.99
11.99
17.99
9.99
29.99
12.99
22.99
27.99
20.99
25.99
10.99
17.99
27.99
17.99
19.99
11.99
17.99
16.99
25.99
23.99
17.99
21.99
20.99
17.99
19.99
11.99
10.99
9.99
15.99
12.99
14.99
25.99
29.99
10.99
16.99
15.99
12.99
20.99
16.99
29.99
26.99
13.99
11.99
12.99
18.99
25.99
9.99
22.99
29.99
19.99
19.99
18.99
18.99
11.99
14.99
29.99
25.99
26.99
23.99
24.99
11.99
20.99
23.99
26.99
29.99
15.99
25.99
29.99
12.99
26.99
28.99
28.99
29.99
17.99
29.99
12.99
26.99
21.99
28.99
27.99
17.99
13.99
28.99
25.99
27.99
23.99
23.99
10.99
9.99
16.99
19.99
25.99
17.99
27.99
20.99
17.99
11.99
10.99
28.99
11.99
29.99
21.99
23.99
29.99
26.99
28.99
18.99
25.99
13.99
11.99
21.99
13.99
23.99
24.99
28.99
22.99
18.99
11.99
10.99
24.99
23.99
15.99
15.99
26.99
22.99
20.99
20.99
14.99
12.99
15.99
15.99
22.99
24.99
15.99
14.99
28.99
23.99
12.99
23.99
11.99
26.99
19.99
19.99
15.99
29.99
13.99
12.99
25.99
25.99
10.99
14.99
21.99
29.99
13.99
18.99
15.99
14.99
27.99
27.99
17.99
29.99
11.99
17.99
12.99
21.99
19.99
22.99
19.99
22.99
12.99
12.99
23.99
20.99
16.99
20.99
26.99
13.99
14.99
19.99
25.99
23.99
26.99
9.99
13.99
15.99
16.99
9.99
9.99
10.99
19.99
28.99
27.99
19.99
27.99
12.99
22.99
28.99
11.99
24.99
21.99
20.99
13.99
12.99
25.99
9.99
21.99
19.99
28.99
10.99
27.99
22.99
12.99
19.99
27.99
13.99
13.99
9.99
11.99
23.99
25.99
20.99
9.99
13.99
24.99
17.99
11.99
22.99
9.99
28.99
9.99
28.99
14.99
13.99
18.99
11.99
23.99
21.99
10.99
27.99
18.99
14.99
17.99
29.99
22.99
13.99
26.99
10.99
27.99
10.99
11.99
28.99
19.99
14.99
9.99
20.99
13.99
9.99
10.99
24.99
23.99
17.99
16.99
29.99
22.99
12.99
15.99
27.99
11.99
16.99
16.99
21.99
23.99
9.99
21.99
11.99
20.99
17.99
21.99
14.99
14.99
17.99
19.99
10.99
27.99
27.99
29.99
22.99
14.99
16.99
22.99
27.99
12.99
28.99
17.99
9.99
18.99
19.99
23.99
26.99
19.99
10.99
15.99
22.99
18.99
12.99
17.99
28.99
14.99
26.99
19.99
29.99
11.99
11.99
24.99
27.99
24.99
22.99
12.99
25.99
12.99
10.99
12.99
13.99
23.99
18.99
20.99
19.99
24.99
13.99
26.99
22.99
13.99
26.99
17.99
10.99
29.99
11.99
9.99
14.99
10.99
28.99
18.99
